47
58
99
125
181
184
191
321
328
389
405
408
426
434
439
455
464
469
478
479
528
545
546
551
552
561
565
568
584
588
593
595
609
612
617
653
655
661
664
672
676
685
686
699
728
731
737
747
765
780
789
791
805
816
817
829
832
836
837
838
843
848
851
852
869
870
879
890
897
912
915
916
917
925
927
931
935
963
969
971
972
984
988
994
1006
1008
1010
1017
1020
1024
1025
1036
1038
1043
1047
1048
1058
1062
1063
1065
1070
1078
1081
1090
1097
1102
1105
1115
1117
1120
1122
1127
1128
1131
1154
1162
1170
1175
1176
1192
1193
1195
1199
1200
1204
1208
1211
1218
1221
1229
1230
1234
1237
1238
1243
1247
1250
1252
1257
1270
1277
1286
1293
1296
1297
1304
1327
1334
1347
1350
1352
1354
1356
1363
1368
1370
1380
1389
1392
1400
1401
1411
1412
1413
1419
1421
1437
1441
1443
1444
1447
1456
1460
1464
1469
1472
1478
1479
1488
1499
1507
1510
1520
1525
1535
1542
1546
1547
1548
1561
1563
1580
1593
1596
1601
1608
1613
1627
1631
1637
1646
1667
1679
1689
1693
1701
1703
1712
1719
1733
1749
1753
1770
1790
1795
1813
1825
1826
1840
1845
1847
1851
1861
1876
1886
1903
1908
1930
1935
1943
